==13071== Memcheck, a memory error detector
==13071== Copyright (C) 2002-2013, and GNU GPL'd, by Julian Seward et al.
==13071== Using Valgrind-3.9.0 and LibVEX; rerun with -h for copyright info
==13071== Command: ./encode -m 9 -e
==13071== 
i,Pref[i],Char[i],Used[i]
3,0,49,9
4,0,13,26
5,0,10,6
6,4,10,25
7,5,49,1
8,3,55,1
9,0,55,2
10,0,46,30
11,0,32,52
12,0,72,3
13,0,111,29
14,0,119,7
15,11,116,7
16,0,116,21
17,13,32,4
18,11,77,1
19,0,77,6
20,0,97,30
21,0,107,3
22,0,101,30
23,11,78,1
24,0,78,3
25,0,105,23
26,16,114,1
27,0,114,14
28,13,45,1
29,0,45,2
30,0,71,2
31,0,108,14
32,0,121,10
33,0,99,7
34,22,114,3
35,27,105,2
36,25,110,6
37,0,110,15
38,22,13,1
39,6,49,2
40,3,56,1
41,0,56,2
42,10,32,20
43,11,72,1
44,12,111,2
45,13,119,2
46,14,32,3
47,15,111,5
48,17,75,2
49,0,75,2
50,25,108,5
51,31,108,1
52,31,32,2
53,11,119,4
54,14,105,1
55,25,116,4
56,16,104,5
57,0,104,8
58,11,121,1
59,32,111,2
60,13,117,2
61,0,117,7
62,27,32,2
63,11,98,2
64,0,98,2
65,20,114,4
66,27,101,3
67,22,32,9
68,11,104,1
69,57,97,1
70,20,110,5
71,37,100,4
72,0,100,6
73,0,115,17
74,10,13,3
75,39,57,1
76,0,57,2
77,42,70,1
78,0,70,2
79,25,103,3
80,0,103,5
81,57,116,2
82,16,105,4
83,36,103,3
84,80,32,2
85,11,68,3
86,0,68,7
87,25,114,1
88,27,116,1
89,16,121,1
90,32,46,2
91,42,72,4
92,44,119,1
93,46,116,2
94,16,111,3
95,17,97,1
96,20,108,1
97,31,119,1
98,14,97,1
99,20,121,3
100,32,115,1
101,73,32,8
102,53,105,2
103,36,32,2
104,11,105,1
105,103,97,1
106,20,32,2
107,11,102,1
108,0,102,8
109,79,104,2
110,81,33,1
111,0,33,2
112,6,50,9
113,0,50,5
114,0,48,4
115,91,111,3
116,45,32,1
117,47,32,4
118,11,107,2
119,21,105,1
120,50,108,4
121,52,116,1
122,56,101,2
123,67,69,1
124,0,69,5
125,20,115,4
126,73,116,1
127,16,101,1
128,34,32,2
129,11,66,2
130,0,66,3
131,61,110,2
132,37,110,1
133,37,121,1
134,32,32,4
135,85,69,1
136,124,65,2
137,0,65,4
138,86,33,2
139,111,13,1
140,112,49,1
141,3,46,2
142,115,119,2
143,93,111,1
144,48,105,1
145,120,32,3
146,11,83,1
147,0,83,5
148,70,116,1
149,16,97,1
150,106,67,1
151,0,67,2
152,31,97,1
153,20,117,1
154,61,115,1
155,101,68,1
156,86,69,1
157,136,68,1
158,138,13,1
159,112,50,1
160,113,46,2
161,42,49,2
162,3,48,2
163,114,49,1
164,3,32,1
165,53,97,1
166,99,115,2
167,101,116,1
168,94,32,2
169,118,105,1
170,145,121,1
171,59,117,1
172,61,114,2
173,27,115,2
174,73,101,2
175,22,108,2
176,31,102,1
177,108,46,1
178,42,40,1
179,0,40,3
180,0,74,2
181,22,101,2
182,22,122,1
183,0,122,3
184,183,122,1
185,183,41,1
186,0,41,5
187,112,51,1
188,0,51,4
189,42,84,1
190,0,84,4
191,57,101,2
192,67,80,1
193,0,80,5
194,27,111,1
195,13,115,1
196,101,97,2
197,70,100,1
198,72,32,1
199,11,67,2
200,151,111,1
201,13,110,3
202,37,115,1
203,101,111,1
204,13,102,1
205,108,32,2
206,85,101,1
207,22,97,1
208,20,116,3
209,56,46,1
210,10,46,3
211,210,13,1
212,112,52,1
213,0,52,2
214,42,77,2
215,19,117,1
216,172,100,1
217,72,101,2
218,128,77,1
219,19,97,1
220,20,100,2
221,217,32,1
222,11,69,1
223,124,97,1
224,125,121,1
225,90,13,1
226,112,53,1
227,0,53,2
228,142,32,1
229,117,109,1
230,0,109,7
231,20,107,1
232,21,101,1
233,67,102,1
234,108,114,1
235,35,101,1
236,22,110,1
237,71,115,1
238,196,110,1
239,71,32,1
240,11,97,1
241,70,110,1
242,37,111,1
243,13,121,1
244,134,112,1
245,0,112,3
246,22,111,2
247,13,112,2
248,245,108,2
249,31,101,3
250,22,46,2
251,74,10,2
252,5,50,1
253,113,54,1
254,0,54,1
255,42,80,3
256,193,111,1
257,13,111,2
258,13,114,2
259,27,109,1
260,230,97,2
261,70,39,1
262,0,39,1
263,101,74,1
264,180,97,1
265,20,109,1
266,230,101,2
267,22,115,3
268,101,66,1
269,130,111,2
270,201,100,1
271,72,13,1
272,112,55,1
273,9,46,1
274,255,105,2
275,25,115,2
276,73,115,2
277,73,105,1
278,83,32,2
279,11,80,2
280,193,101,2
281,246,112,1
282,248,101,1
283,67,79,1
284,0,79,4
285,108,102,2
286,205,80,1
287,193,97,1
288,65,116,2
289,16,32,1
290,11,73,1
291,0,73,2
292,112,56,1
293,41,46,1
294,274,115,1
295,276,105,1
296,278,80,1
297,280,111,1
298,247,108,1
299,249,32,2
300,11,79,2
301,284,102,2
302,285,32,1
303,279,97,1
304,288,32,1
305,11,93,1
306,0,93,1
307,0,91,1
308,112,57,1
309,76,46,1
310,214,46,1
311,10,65,1
312,137,46,1
313,10,73,1
314,291,46,1
315,10,77,1
316,19,46,1
317,42,86,1
318,0,86,1
319,13,108,1
320,31,46,1
321,161,13,1
322,6,51,4
323,188,48,1
324,114,46,1
325,42,65,2
326,137,110,2
327,37,97,2
328,65,99,1
329,33,104,3
330,57,121,1
331,134,68,1
332,86,111,2
333,201,101,1
334,67,82,1
335,0,82,1
336,109,116,1
337,16,13,1
338,322,49,1
339,141,32,1
340,11,65,2
341,326,116,1
342,82,45,1
343,29,66,1
344,269,114,1
345,66,100,1
346,72,111,1
347,13,109,3
348,230,32,1
349,340,99,1
350,33,116,2
351,82,118,1
352,0,118,2
353,55,105,1
354,25,101,1
355,267,13,2
356,322,50,1
357,160,32,1
358,11,70,1
359,78,117,1
360,131,32,1
361,102,116,1
362,56,32,1
363,129,101,1
364,181,115,1
365,73,13,2
366,322,51,1
367,188,46,1
368,42,71,1
369,30,101,1
370,22,116,1
371,16,116,1
372,82,110,1
373,37,103,1
374,84,79,1
375,284,116,1
376,122,114,1
377,173,32,1
378,117,75,1
379,49,105,1
380,145,84,1
381,190,104,1
382,191,109,1
383,230,115,1
384,174,108,1
385,31,118,1
386,352,101,1
387,355,10,1
388,5,51,2
389,188,52,1
390,213,46,1
391,325,110,1
392,327,114,1
393,27,99,1
394,329,121,1
395,134,49,1
396,162,32,1
397,199,111,1
398,347,109,1
399,260,110,1
400,71,109,1
401,266,110,1
402,37,116,1
403,16,115,1
404,365,10,1
405,388,53,1
406,227,46,1
407,42,50,1
408,113,48,1
409,114,32,1
410,11,87,1
411,0,87,1
412,166,32,1
413,117,83,1
414,147,97,1
415,20,98,2
416,64,97,1
417,208,111,1
418,13,103,2
419,80,101,1
420,67,89,1
421,0,89,2
422,60,114,1
423,62,83,1
424,147,99,1
425,329,111,1
426,257,108,1
427,31,13,1
428,6,13,4
429,6,32,1
430,11,32,4
431,430,77,1
432,19,111,2
433,258,101,1
434,67,116,1
435,168,99,1
436,33,111,1
437,347,101,1
438,250,46,1
439,210,46,1
440,251,13,1
441,6,77,1
442,432,114,1
443,66,32,1
444,11,40,2
445,179,89,1
446,421,47,1
447,0,47,3
448,24,47,1
449,447,78,1
450,24,83,1
451,147,41,1
452,186,58,1
453,0,58,1
454,11,13,1
455,428,10,3
456,5,13,1
457,6,40,2
458,179,84,1
459,190,41,1
460,186,32,2
461,11,84,1
462,190,111,1
463,418,103,1
464,80,108,1
465,299,68,1
466,86,97,1
467,208,97,1
468,415,97,1
469,125,101,2
470,67,68,1
471,332,119,1
472,14,110,1
473,37,108,1
474,31,111,1
475,13,97,1
476,220,32,1
477,300,110,1
478,37,47,1
479,447,79,1
480,301,102,1
481,108,13,1
482,457,81,1
483,0,81,3
484,460,81,1
485,483,117,1
486,61,105,1
487,55,32,1
488,15,104,1
489,57,105,1
490,275,32,1
491,63,97,1
492,469,13,1
493,455,13,1
494,6,83,1
495,147,101,1
496,175,101,1
497,22,99,1
498,350,32,1
499,444,81,1
500,483,61,1
501,0,61,1
502,124,120,1
503,0,120,1
504,55,41,1
505,186,62,1
506,0,62,1
507,11,49,1
508,3,13,1
509,455,32,1
510,430,32,2
511,510,72,1
==13071== 
==13071== HEAP SUMMARY:
==13071==     in use at exit: 22,452 bytes in 699 blocks
==13071==   total heap usage: 1,027 allocs, 328 frees, 41,256 bytes allocated
==13071== 
==13071== LEAK SUMMARY:
==13071==    definitely lost: 0 bytes in 0 blocks
==13071==    indirectly lost: 0 bytes in 0 blocks
==13071==      possibly lost: 0 bytes in 0 blocks
==13071==    still reachable: 22,452 bytes in 699 blocks
==13071==         suppressed: 0 bytes in 0 blocks
==13071== Reachable blocks (those to which a pointer was found) are not shown.
==13071== To see them, rerun with: --leak-check=full --show-leak-kinds=all
==13071== 
==13071== For counts of detected and suppressed errors, rerun with: -v
==13071== ERROR SUMMARY: 0 errors from 0 contexts (suppressed: 3 from 3)
